[ 0.  1.  0.  0.  0.]
[ 0.  0.  1.  0.  0.]
[ 0.  0.  0.  1.  0.]
[ 0.  0.  0.  1.  0.]
[ 0.  0.  0.  1.  0.]
[ 0.  0.  1.  0.  0.]
[ 0.  0.  0.  1.  0.]
[ 0.  0.  1.  0.  0.]
[ 0.  0.  0.  1.  0.]
[ 0.00000000e+00  0.00000000e+00  1.01912721e-17  1.00000000e+00  0.00000000e+00]
[ 0.  0.  1.  0.  0.]
[ 1.  0.  0.  0.  0.]
[ 0.  0.  1.  0.  0.]
[ 0.  0.  0.  1.  0.]
[ 0.  0.  1.  0.  0.]
[ 0.  0.  1.  0.  0.]
[ 0.  0.  1.  0.  0.]
[ 0.  0.  0.  1.  0.]
[ 0.  0.  0.  1.  0.]
[ 0.  0.  0.  1.  0.]
[ 0.  0.  1.  0.  0.]
[ 0.  0.  0.  1.  0.]
[ 0.  0.  0.  1.  0.]
[ 0.  0.  1.  0.  0.]
[ 0.  0.  0.  1.  0.]
[ 0.  0.  1.  0.  0.]
[ 0.  0.  0.  1.  0.]
[ 0.  0.  0.  1.  0.]
[ 0.  0.  1.  0.  0.]
[ 0.  0.  0.  0.  1.]
[ 0.  1.  0.  0.  0.]
[ 0.  0.  0.  0.  1.]
[ 0.  0.  0.  1.  0.]
[ 0.  0.  0.  1.  0.]
[ 0.  0.  0.  1.  0.]
[ 0.  1.  0.  0.  0.]
[ 0.  0.  0.  1.  0.]
[ 0.  0.  0.  1.  0.]
[ 0.  0.  0.  1.  0.]
[ 0.  0.  0.  1.  0.]
[ 0.  0.  0.  1.  0.]
[ 0.  0.  1.  0.  0.]
[ 0.  1.  0.  0.  0.]
[ 0.  0.  0.  1.  0.]
[ 1.  0.  0.  0.  0.]
[ 0.  0.  0.  1.  0.]
[ 0.  1.  0.  0.  0.]
[ 0.  0.  0.  1.  0.]
[ 0.  1.  0.  0.  0.]
[ 0.  0.  0.  1.  0.]
[ 0.  1.  0.  0.  0.]
[ 0.  0.  0.  1.  0.]
[ 0.  1.  0.  0.  0.]
[ 0.  1.  0.  0.  0.]
[ 0.  1.  0.  0.  0.]
[ 0.  1.  0.  0.  0.]
[ 0.  0.  0.  0.  1.]
[ 0.  0.  0.  0.  1.]
[ 0.  0.  1.  0.  0.]
[ 0.  0.  1.  0.  0.]
[ 0.  1.  0.  0.  0.]
[ 0.  0.  1.  0.  0.]
[ 0.  0.  0.  1.  0.]
[ 0.  0.  1.  0.  0.]
[ 0.  0.  0.  0.  1.]
[ 0.  0.  1.  0.  0.]
[ 0.  0.  0.  1.  0.]
[ 0.  0.  0.  1.  0.]
[ 0.  0.  1.  0.  0.]
[ 0.  0.  1.  0.  0.]
[ 0.  1.  0.  0.  0.]
[ 0.  0.  0.  0.  1.]
[ 1.  0.  0.  0.  0.]
[ 0.  0.  0.  0.  1.]
[ 0.  0.  0.  0.  1.]
[ 0.  0.  1.  0.  0.]
[ 0.  0.  0.  1.  0.]
[ 0.  0.  0.  1.  0.]
[ 0.  0.  1.  0.  0.]
[ 1.  0.  0.  0.  0.]
[ 0.  0.  0.  0.  1.]
[ 0.  0.  0.  0.  1.]
[ 0.  0.  0.  1.  0.]
[ 0.  1.  0.  0.  0.]
[ 0.  1.  0.  0.  0.]
[ 0.  1.  0.  0.  0.]
[ 0.  0.  0.  0.  1.]
[ 0.  0.  1.  0.  0.]
[ 0.  0.  0.  0.  1.]
[ 0.  0.  0.  0.  1.]
[ 0.  0.  0.  0.  1.]
[ 0.  0.  0.  1.  0.]
[ 0.  0.  1.  0.  0.]
[ 0.  0.  0.  1.  0.]
[ 0.  0.  1.  0.  0.]
[ 0.  0.  0.  1.  0.]
[ 0.  0.  0.  1.  0.]
[ 0.  0.  1.  0.  0.]
[ 0.  0.  1.  0.  0.]
[ 0.  0.  1.  0.  0.]
[ 0.  0.  1.  0.  0.]
[ 0.  0.  1.  0.  0.]
[ 0.  0.  0.  1.  0.]
[ 0.  0.  1.  0.  0.]
[ 0.  0.  0.  1.  0.]
[ 0.  0.  1.  0.  0.]
[ 0.  0.  0.  0.  1.]
[ 0.  0.  1.  0.  0.]
[ 0.  0.  1.  0.  0.]
[ 0.  0.  0.  1.  0.]
[ 0.  0.  0.  1.  0.]
[ 0.  0.  0.  1.  0.]
[ 1.  0.  0.  0.  0.]
[ 0.  0.  0.  1.  0.]
[ 0.  0.  1.  0.  0.]
[ 0.  0.  0.  0.  1.]
[ 1.  0.  0.  0.  0.]
[ 0.  1.  0.  0.  0.]
[ 0.  0.  1.  0.  0.]
[ 0.  0.  1.  0.  0.]
[ 0.  0.  1.  0.  0.]
[ 0.  0.  1.  0.  0.]
[ 0.  0.  1.  0.  0.]
[ 0.  0.  1.  0.  0.]
[ 0.  0.  0.  1.  0.]
[ 0.  0.  0.  1.  0.]
[ 0.  0.  0.  1.  0.]
[ 0.  0.  0.  1.  0.]
[ 0.  0.  0.  1.  0.]
[ 0.  0.  1.  0.  0.]
[ 0.  0.  0.  0.  1.]
[ 0.  1.  0.  0.  0.]
[ 0.  1.  0.  0.  0.]
[ 0.  0.  1.  0.  0.]
[ 1.  0.  0.  0.  0.]
[ 0.  0.  0.  0.  1.]
[ 0.  0.  1.  0.  0.]
[ 0.  0.  0.  0.  1.]
[ 0.  0.  1.  0.  0.]
[ 0.  0.  1.  0.  0.]
[ 0.  0.  0.  0.  1.]
[ 0.  0.  0.  0.  1.]
[ 0.  0.  0.  1.  0.]
[ 0.  0.  0.  0.  1.]
[ 1.  0.  0.  0.  0.]
[ 0.  1.  0.  0.  0.]
[ 0.  0.  1.  0.  0.]
[ 0.  0.  0.  1.  0.]
[ 1.  0.  0.  0.  0.]
[ 0.  0.  0.  0.  1.]
[ 0.  0.  0.  1.  0.]
[ 0.  0.  0.  1.  0.]
[ 0.  0.  1.  0.  0.]
[ 0.  0.  0.  0.  1.]
[ 0.  0.  0.  1.  0.]
[ 0.  0.  0.  1.  0.]
[ 0.  0.  1.  0.  0.]
[ 0.  0.  1.  0.  0.]
[ 0.  0.  0.  1.  0.]
[ 0.  1.  0.  0.  0.]
[ 0.  0.  0.  1.  0.]
[ 0.  0.  0.  0.  1.]
[ 0.  0.  0.  0.  1.]
[ 0.00000000e+00  0.00000000e+00  1.00000000e+00  0.00000000e+00  5.24288570e-22]
[ 0.  0.  1.  0.  0.]
[ 0.  1.  0.  0.  0.]
[ 0.  0.  1.  0.  0.]
[ 0.  0.  1.  0.  0.]
[ 0.  1.  0.  0.  0.]
[ 0.  0.  0.  0.  1.]
[ 1.  0.  0.  0.  0.]
[ 0.  0.  1.  0.  0.]
[ 0.  0.  0.  0.  1.]
[ 0.  0.  1.  0.  0.]
[ 0.00000000e+00  0.00000000e+00  7.06772307e-10  1.00000000e+00  0.00000000e+00]
[ 1.  0.  0.  0.  0.]
[ 1.  0.  0.  0.  0.]
[ 0.  0.  0.  0.  1.]
[ 0.  0.  0.  0.  1.]
[ 0.  0.  0.  0.  1.]
[ 0.  0.  1.  0.  0.]
[ 0.  0.  1.  0.  0.]
[ 0.  0.  1.  0.  0.]
[ 0.  0.  0.  1.  0.]
[ 0.  1.  0.  0.  0.]
[ 0.  0.  1.  0.  0.]
[ 0.  0.  0.  0.  1.]
[ 0.00000000e+00  0.00000000e+00  4.43090864e-24  1.00000000e+00  0.00000000e+00]
[ 0.  0.  0.  1.  0.]
[ 0.  0.  1.  0.  0.]
[ 0.  0.  1.  0.  0.]
[ 0.  1.  0.  0.  0.]
[ 0.  0.  1.  0.  0.]
[ 0.  0.  1.  0.  0.]
[ 0.  0.  1.  0.  0.]
[ 0.  0.  0.  0.  1.]
[ 0.  0.  1.  0.  0.]
[ 0.  0.  0.  1.  0.]
[ 0.  0.  0.  1.  0.]
[ 0.00000000e+00  0.00000000e+00  1.00000000e+00  0.00000000e+00  1.41491791e-17]
[ 0.  0.  0.  1.  0.]
[ 0.  0.  0.  1.  0.]
[ 0.  0.  0.  1.  0.]
[ 0.  0.  1.  0.  0.]
[ 1.  0.  0.  0.  0.]
[ 0.  1.  0.  0.  0.]
[ 0.  0.  0.  0.  1.]
[ 0.  0.  1.  0.  0.]
[ 0.  1.  0.  0.  0.]
[ 0.  0.  0.  1.  0.]
[ 0.  0.  0.  1.  0.]
[ 0.  0.  0.  1.  0.]
[ 0.  0.  0.  0.  1.]
[ 0.  1.  0.  0.  0.]
[ 0.  0.  1.  0.  0.]
[ 0.  0.  1.  0.  0.]
[ 0.  1.  0.  0.  0.]
[ 0.  0.  1.  0.  0.]
[ 0.  0.  1.  0.  0.]
[ 0.  1.  0.  0.  0.]
[ 0.  0.  1.  0.  0.]
[ 0.  0.  0.  0.  1.]
[ 0.  0.  1.  0.  0.]
[ 0.  0.  1.  0.  0.]
[ 0.  0.  0.  1.  0.]
[ 0.  0.  1.  0.  0.]
[ 0.  1.  0.  0.  0.]
[ 0.  0.  1.  0.  0.]
[ 0.  0.  0.  0.  1.]
[ 0.  0.  1.  0.  0.]
[ 0.  0.  1.  0.  0.]
[ 0.  0.  0.  0.  1.]
[ 0.  0.  0.  0.  1.]
[ 0.  0.  0.  0.  1.]
[ 0.  1.  0.  0.  0.]
[ 0.  0.  1.  0.  0.]
[ 0.  0.  1.  0.  0.]
[ 0.  0.  1.  0.  0.]
[ 0.  0.  1.  0.  0.]
[ 0.  0.  1.  0.  0.]
[ 0.  0.  0.  1.  0.]
[ 1.  0.  0.  0.  0.]
[ 0.  1.  0.  0.  0.]
