[ 0.09450858  0.18361925  0.46504694  0.14178681  0.11503848]
[ 0.07468836  0.14585289  0.41703445  0.17223597  0.19018833]
[ 0.06187054  0.12649272  0.46670192  0.12333155  0.22160323]
[ 0.07202873  0.19411346  0.40407717  0.16194163  0.16783905]
[ 0.06828553  0.14118299  0.45106071  0.17593805  0.1635327 ]
[ 0.07230239  0.12388574  0.52467996  0.13056138  0.14857049]
[ 0.06908369  0.20133635  0.42852458  0.12341232  0.177643  ]
[ 0.08093115  0.10411636  0.47663987  0.11255963  0.22575295]
[ 0.07784274  0.14542618  0.46466133  0.15395916  0.15811063]
[ 0.07148519  0.24668767  0.35383195  0.13985898  0.18813631]
[ 0.09183386  0.14489664  0.43065584  0.16990417  0.16270949]
[ 0.02991944  0.16494162  0.46993712  0.18091553  0.15428624]
[ 0.10387921  0.17732695  0.42831483  0.1708705   0.1196085 ]
[ 0.07614364  0.11531515  0.51857692  0.16644925  0.12351496]
[ 0.05392743  0.16618423  0.44753206  0.13060674  0.20174959]
[ 0.03883357  0.15602455  0.52830762  0.11027671  0.16655751]
[ 0.08051399  0.15515351  0.54603922  0.08596379  0.13232945]
[ 0.10495947  0.13146426  0.50143182  0.09986874  0.16227569]
[ 0.04961791  0.14623618  0.45903331  0.14801338  0.19709922]
[ 0.06398612  0.14129156  0.48022237  0.16433164  0.15016831]
[ 0.09232683  0.19061275  0.36074331  0.18564701  0.17067018]
[ 0.07907416  0.20377362  0.43651381  0.12322297  0.15741542]
[ 0.06574661  0.12529071  0.41714776  0.20790792  0.183907  ]
[ 0.13264652  0.16962186  0.32467526  0.18968563  0.18337074]
[ 0.0601922   0.12790044  0.49708295  0.15981223  0.15501212]
[ 0.07975837  0.13943109  0.40606746  0.17788166  0.1968614 ]
[ 0.15448213  0.23250321  0.35319296  0.13339573  0.12642595]
[ 0.07053568  0.09670762  0.5981133   0.07957052  0.15507299]
[ 0.10125373  0.22746092  0.41612524  0.10934983  0.14581025]
[ 0.07138973  0.20857914  0.42065856  0.14219739  0.15717518]
[ 0.08218598  0.21044871  0.51413697  0.07105974  0.12216863]
[ 0.0886544   0.13915278  0.42807707  0.12732491  0.21679081]
[ 0.0731976   0.2483567   0.34120926  0.14172481  0.19551156]
[ 0.07171537  0.15676138  0.48196897  0.082243    0.20731129]
[ 0.07269192  0.17917064  0.41681328  0.15328971  0.17803444]
[ 0.08532633  0.15365289  0.35976675  0.19160347  0.20965056]
[ 0.1090514   0.13009717  0.45631343  0.12709261  0.17744537]
[ 0.05350482  0.12070159  0.53750807  0.11230478  0.17598078]
[ 0.05001868  0.12519582  0.52948886  0.10243223  0.19286433]
[ 0.06680117  0.15394732  0.48980117  0.13580976  0.15364054]
[ 0.084121    0.18862374  0.37734491  0.15864484  0.19126557]
[ 0.05911385  0.14252432  0.5260067   0.11816611  0.15418901]
[ 0.06356498  0.10568886  0.58172023  0.1064757   0.14255016]
[ 0.06589144  0.17312127  0.37393975  0.20423301  0.18281448]
[ 0.09436343  0.12805204  0.52377045  0.12443414  0.12937988]
[ 0.05502801  0.12479943  0.58229893  0.10366791  0.13420574]
[ 0.04419558  0.16680622  0.44995263  0.13577713  0.20326851]
[ 0.03480466  0.09630085  0.55561453  0.08927447  0.22400545]
[ 0.03528731  0.16364801  0.49097842  0.09883058  0.21125571]
[ 0.1354937   0.1505302   0.39329636  0.14930442  0.17137535]
[ 0.10419548  0.19341853  0.41993332  0.13635953  0.14609316]
[ 0.09179666  0.16115378  0.43918824  0.18991528  0.11794602]
[ 0.05363204  0.09880273  0.61067778  0.08558095  0.15130651]
[ 0.03812587  0.14409608  0.53473717  0.15371171  0.12932919]
[ 0.03683402  0.13775107  0.49056187  0.1535344   0.1813186 ]
[ 0.08606723  0.15109205  0.40268657  0.2086731   0.15148109]
[ 0.03314462  0.12308661  0.50619072  0.19452812  0.14304994]
[ 0.05593022  0.18555644  0.48648033  0.13917887  0.13285415]
[ 0.0732298   0.20881553  0.35060808  0.19517422  0.17217234]
[ 0.04447099  0.13969734  0.495352    0.15954281  0.16093691]
[ 0.04799484  0.1380775   0.51583678  0.11217247  0.18591836]
[ 0.10310736  0.21057804  0.41452816  0.10860538  0.16318102]
[ 0.05489079  0.14172161  0.38211232  0.20839275  0.21288255]
[ 0.04955513  0.10744885  0.57999033  0.09496517  0.16804057]
[ 0.13203445  0.13280429  0.42158139  0.16505526  0.14852464]
[ 0.07382397  0.14535822  0.45298842  0.13350983  0.19431962]
[ 0.02178904  0.1439641   0.62366176  0.12456266  0.08602242]
[ 0.0435596   0.10962845  0.56971216  0.11169985  0.16539995]
[ 0.06426076  0.1390066   0.5083456   0.15507384  0.13331321]
[ 0.04076811  0.1232918   0.63065892  0.06689692  0.13838425]
[ 0.06923562  0.16061141  0.4415558   0.08435752  0.24423967]
[ 0.06353877  0.14005455  0.37130255  0.20141637  0.22368777]
[ 0.10527197  0.16960962  0.37182146  0.16605344  0.18724355]
[ 0.0590428   0.19169611  0.4835538   0.14011744  0.12558995]
[ 0.05571963  0.13949206  0.44092748  0.1278993   0.2359615 ]
[ 0.03312418  0.1664471   0.48866484  0.14735226  0.16441165]
[ 0.0704274   0.15408789  0.37227046  0.19541076  0.20780344]
[ 0.09454297  0.13583724  0.52571744  0.09201718  0.1518852 ]
[ 0.09873041  0.16084586  0.46015713  0.13500264  0.14526391]
[ 0.0957993   0.11147591  0.35868651  0.1998342   0.23420405]
[ 0.05494428  0.15202896  0.49977165  0.17798616  0.11526901]
[ 0.05849914  0.17396998  0.4279691   0.15741149  0.18215027]
[ 0.07146828  0.14921863  0.35402438  0.28667489  0.13861378]
[ 0.06910607  0.17420857  0.37454662  0.17019448  0.21194433]
[ 0.11598953  0.14175826  0.45037097  0.15125403  0.14062712]
[ 0.047554    0.14726737  0.4271318   0.23436123  0.14368567]
[ 0.0999634   0.18527077  0.29240379  0.24841668  0.17394532]
[ 0.0879513   0.185444    0.36576927  0.13196504  0.22887042]
[ 0.05205549  0.14567742  0.40913311  0.2060744   0.18705961]
[ 0.08652382  0.16509378  0.45370433  0.15430014  0.140378  ]
[ 0.13997631  0.16707286  0.35766757  0.13363451  0.2016487 ]
[ 0.08777486  0.21379787  0.40682021  0.16740333  0.12420375]
[ 0.05260335  0.13497247  0.45799381  0.12155206  0.2328783 ]
[ 0.07145468  0.20521428  0.35430965  0.16982499  0.19919647]
[ 0.09072509  0.15257016  0.48038694  0.11775177  0.15856598]
[ 0.05644864  0.18776806  0.45631826  0.1521008   0.14736427]
[ 0.07673998  0.15389875  0.43237683  0.10735683  0.22962753]
[ 0.07483552  0.20422441  0.446154    0.15207657  0.12270949]
[ 0.09070225  0.17704822  0.40267032  0.1241064   0.20547281]
[ 0.05827358  0.13302504  0.44408324  0.1785004   0.18611778]
[ 0.07537605  0.13190056  0.56600255  0.08250636  0.14421444]
[ 0.08636677  0.20448433  0.3708913   0.15772863  0.18052898]
[ 0.06745919  0.1853814   0.41232887  0.18203841  0.15279217]
[ 0.09255882  0.14994404  0.40382344  0.14130403  0.2123697 ]
[ 0.07575908  0.1604251   0.46519405  0.13402125  0.16460055]
[ 0.05678912  0.18631966  0.34956521  0.19044064  0.21688533]
[ 0.10710005  0.18697803  0.28892481  0.22172663  0.19527049]
[ 0.12391347  0.16139509  0.34285471  0.20758842  0.1642483 ]
[ 0.07936642  0.1718042   0.39381689  0.16568799  0.18932441]
[ 0.1285204   0.18945234  0.31342915  0.23075852  0.1378396 ]
[ 0.07370414  0.19313933  0.46348578  0.12978427  0.13988642]
[ 0.08833322  0.15192039  0.4608478   0.13785005  0.16104859]
[ 0.0993246   0.18605022  0.3516621   0.15971398  0.20324913]
[ 0.11161443  0.14388952  0.50049382  0.14458425  0.09941801]
[ 0.06859083  0.19994463  0.43491277  0.17165515  0.12489671]
[ 0.03214327  0.1527459   0.58552873  0.07735889  0.15222324]
[ 0.0523228   0.19726227  0.49236074  0.10640909  0.15164503]
[ 0.09526815  0.12471685  0.4602645   0.18617661  0.13357392]
[ 0.07210955  0.1676923   0.49724114  0.12107015  0.14188683]
[ 0.11349437  0.1729828   0.37182412  0.17164412  0.17005455]
[ 0.0734764   0.17575996  0.42891985  0.13290501  0.18893875]
[ 0.0405531   0.12610333  0.56181741  0.12938322  0.14214295]
[ 0.08429194  0.17591774  0.46554866  0.11743709  0.15680459]
[ 0.07661928  0.16467817  0.48736203  0.1309969   0.14034362]
[ 0.07500397  0.12707338  0.44847804  0.11850756  0.23093699]
[ 0.12328476  0.17501196  0.33677372  0.20189603  0.16303357]
[ 0.10884764  0.14228542  0.44425949  0.14233591  0.16227151]
[ 0.05563108  0.14693798  0.45321387  0.17098556  0.17323153]
[ 0.01883396  0.09958518  0.6026029   0.1531271   0.12585083]
[ 0.10887185  0.15178782  0.47309723  0.07241024  0.1938329 ]
[ 0.04479583  0.13397117  0.54964095  0.09922197  0.17237008]
[ 0.06109432  0.17200492  0.43121672  0.14047538  0.1952087 ]
[ 0.06771488  0.16446348  0.37293693  0.17696936  0.21791525]
[ 0.12879968  0.18659997  0.384397    0.13232075  0.16788259]
[ 0.05001322  0.15985961  0.53992498  0.11337377  0.13682838]
[ 0.06732923  0.14279658  0.58357573  0.07340739  0.13289113]
[ 0.12263105  0.23468688  0.37313652  0.10234449  0.16720109]
[ 0.08540806  0.22801208  0.38345781  0.13996163  0.16316044]
[ 0.04843622  0.18585943  0.43320653  0.14258844  0.18990938]
[ 0.06988189  0.18283111  0.38438854  0.17443134  0.18846701]
[ 0.0897828   0.12672772  0.44626755  0.15150063  0.18572132]
[ 0.07489617  0.21332619  0.37013438  0.17149124  0.17015205]
[ 0.09722599  0.18857753  0.39754346  0.15590154  0.16075146]
[ 0.06804208  0.17461479  0.46913356  0.07820831  0.21000127]
[ 0.05410062  0.11729924  0.5398134   0.0729161   0.21587066]
[ 0.07476238  0.13857226  0.4523409   0.14764719  0.18667722]
[ 0.0701528   0.12223202  0.53199691  0.1171745   0.15844373]
[ 0.11306919  0.15427507  0.40682179  0.18664502  0.13918896]
[ 0.05690575  0.15054592  0.50660521  0.14106387  0.14487928]
[ 0.0948838   0.1502202   0.43101001  0.14612921  0.17775683]
[ 0.07213888  0.12648684  0.50238591  0.13530228  0.16368616]
[ 0.14355142  0.19855687  0.34750724  0.17599024  0.13439418]
[ 0.06956219  0.16455351  0.43424848  0.15910555  0.17253029]
[ 0.07398622  0.14973927  0.41917917  0.20304288  0.15405233]
[ 0.06133246  0.1765566   0.40104073  0.20722055  0.15384975]
[ 0.07819448  0.20875755  0.42896131  0.13842458  0.14566201]
[ 0.03676398  0.13653062  0.56716847  0.12346445  0.13607241]
[ 0.10438337  0.23351972  0.36068693  0.14066498  0.16074501]
[ 0.08348251  0.15557468  0.43642586  0.14784859  0.17666835]
[ 0.03973421  0.22542679  0.42437479  0.11352663  0.19693752]
[ 0.08687598  0.14428703  0.45689288  0.1545229   0.15742116]
[ 0.0690347   0.1919326   0.43260878  0.11213905  0.19428492]
[ 0.07612444  0.2038319   0.47264758  0.13727298  0.11012308]
[ 0.10693697  0.19328834  0.35614082  0.1519531   0.19168073]
[ 0.06451707  0.13522261  0.44673082  0.17736086  0.17616855]
[ 0.09179753  0.16786006  0.50868917  0.11027084  0.12138238]
[ 0.08479466  0.15734498  0.38444626  0.1623598   0.21105437]
[ 0.03169759  0.08612873  0.63727576  0.07884863  0.16604926]
[ 0.07842918  0.09866524  0.56299222  0.12453876  0.13537465]
[ 0.05705697  0.12405103  0.58782911  0.09999485  0.13106804]
[ 0.05516323  0.18047102  0.44461358  0.16317578  0.15657634]
[ 0.05802538  0.13315219  0.55069071  0.13206917  0.12606251]
[ 0.09246115  0.14982288  0.34907317  0.22244185  0.18620098]
[ 0.05689754  0.14069107  0.49635035  0.1644332   0.14162785]
[ 0.11179934  0.1650936   0.42255127  0.14986005  0.15069573]
[ 0.07773088  0.16646592  0.44513834  0.16063924  0.15002555]
[ 0.04694637  0.14816689  0.48587853  0.19258878  0.1264195 ]
[ 0.05474569  0.13925458  0.51468045  0.09484823  0.19647104]
[ 0.05445605  0.10115714  0.55880994  0.1090711   0.17650582]
[ 0.04679667  0.11197211  0.60787314  0.06052083  0.17283732]
[ 0.06165494  0.20029971  0.50741667  0.12815738  0.10247131]
[ 0.04902991  0.18613429  0.49463442  0.12743661  0.14276479]
[ 0.08604076  0.2003462   0.38089481  0.11456081  0.21815734]
[ 0.09415013  0.13529347  0.51839226  0.13227329  0.11989077]
[ 0.06490628  0.13787635  0.51252759  0.12272101  0.16196887]
[ 0.07984141  0.17972191  0.33785772  0.21571845  0.1868605 ]
[ 0.04370929  0.1297771   0.57495832  0.10280222  0.14875311]
[ 0.05177468  0.15412425  0.44572866  0.12327537  0.22509706]
[ 0.09272245  0.15005855  0.42971948  0.15114789  0.17635168]
[ 0.03682046  0.1375667   0.50418288  0.10228115  0.21914887]
[ 0.04012211  0.1076547   0.52466697  0.13829051  0.18926576]
[ 0.04388779  0.16033813  0.49274388  0.12819423  0.17483604]
[ 0.13682859  0.15816027  0.4199391   0.10646699  0.17860506]
[ 0.06714261  0.16352005  0.43286756  0.13303958  0.20343019]
[ 0.05663213  0.14178377  0.52677494  0.11062459  0.16418459]
[ 0.04276809  0.15064014  0.47137985  0.20392911  0.13128281]
[ 0.08393955  0.1936141   0.41056773  0.1616897   0.150189  ]
[ 0.05212004  0.12804216  0.55090886  0.11584961  0.15307939]
[ 0.06975967  0.19686538  0.32842359  0.20142652  0.20352481]
[ 0.06629257  0.11104669  0.50321728  0.15314154  0.16630192]
[ 0.12580247  0.19862914  0.38839385  0.12685241  0.16032219]
[ 0.07177949  0.23777634  0.4219721   0.12076926  0.14770275]
[ 0.07109128  0.13225828  0.51097965  0.11020872  0.17546204]
[ 0.06756873  0.18271837  0.38274729  0.21621931  0.15074629]
[ 0.04493887  0.11980404  0.55845779  0.14539902  0.13140027]
[ 0.11610608  0.13443698  0.53976446  0.08771441  0.12197804]
[ 0.07454314  0.21288368  0.36938074  0.17856537  0.16462709]
[ 0.13914299  0.1672999   0.29502657  0.15582734  0.24270323]
[ 0.07716407  0.19189425  0.39338937  0.1404234   0.19712897]
[ 0.10452415  0.21898383  0.37636313  0.12537056  0.17475832]
[ 0.05916305  0.16931686  0.5725826   0.08415002  0.11478741]
[ 0.10982728  0.16397989  0.45227683  0.13169086  0.14222519]
[ 0.06762328  0.15875489  0.45677003  0.14023124  0.17662062]
[ 0.15694664  0.1912542   0.31703505  0.15278801  0.18197614]
[ 0.10789981  0.23369603  0.41121352  0.09292824  0.15426241]
[ 0.05326843  0.12451883  0.53278053  0.11630195  0.17313018]
[ 0.0445697   0.13786975  0.52939039  0.0910596   0.19711056]
[ 0.10368607  0.13635884  0.49431509  0.09827453  0.16736539]
[ 0.10079116  0.15490001  0.48721808  0.11843581  0.13865496]
[ 0.04545511  0.16678946  0.59057343  0.08604152  0.11114046]
[ 0.11845011  0.20757313  0.35829538  0.15157618  0.16410512]
[ 0.0686428   0.13668191  0.51463485  0.12808032  0.15196012]
[ 0.08855153  0.13535269  0.54915351  0.10794312  0.11899913]
[ 0.06041418  0.15031715  0.46785733  0.17698444  0.14442684]
[ 0.16560891  0.18974003  0.30726615  0.18646884  0.15091604]
[ 0.0453955   0.14254571  0.55302298  0.12496158  0.13407423]
[ 0.04573071  0.17129043  0.42765969  0.20707528  0.14824386]
[ 0.10222083  0.14690655  0.36009812  0.17125353  0.21952103]
[ 0.05585416  0.18215898  0.46424818  0.14515869  0.15257999]
[ 0.05770569  0.16146646  0.49465746  0.13357846  0.15259191]
[ 0.09324046  0.17474292  0.42272699  0.14168015  0.16760945]
[ 0.09430551  0.19038717  0.39344609  0.12912828  0.19273297]
[ 0.06481771  0.15076859  0.52380645  0.12323819  0.13736902]
[ 0.07419261  0.18381663  0.31573313  0.21800777  0.20824993]
[ 0.05701689  0.16231133  0.46527714  0.11895612  0.19643849]
[ 0.10881028  0.18895337  0.39433637  0.12777892  0.18012108]
[ 0.09122629  0.19874817  0.42068404  0.10408183  0.18525967]
[ 0.02132342  0.13831998  0.61655301  0.0865557   0.13724796]
[ 0.06634739  0.20136388  0.49610221  0.11568037  0.12050621]
[ 0.04246708  0.14861155  0.51315051  0.17033777  0.12543309]
[ 0.0600833   0.14157334  0.49502683  0.19601156  0.10730498]
[ 0.09113296  0.20575458  0.35752377  0.17616901  0.16941972]
[ 0.16260888  0.17796488  0.27867916  0.14766334  0.23308384]
